image: locobot_slam.pgm
resolution: 0.050000
origin: [-6.796346, -3.572821, 0.000000]
negate: 0
occupied_thresh: 0.65
free_thresh: 0.196

